Loss: ([0-9]+\.[0-9]+, [0-9]+\.[0-9]+)
[$1],

loss = [2.924855142739167, 2.509765277930861, 1.8966760156228928, 1.5804372695196718, 1.438682270865215, 1.086320492557087, 1.226886596305873, 1.1932683191127285, 0.9674412680396102, 0.8487963364575677, 0.7887939870358096, 0.7274058810240308, 0.7484065413697386, 0.7082279100840955, 0.6494763333093001, 0.5748012295403986, 0.7498089374597057, 0.6660268658015341, 0.5598664905876192, 0.542726378364782, 0.591944444783053]


accuracy = [0.5155875299760192, 0.697841726618705, 0.7649880095923262, 0.8129496402877698, 0.8177458033573142, 0.8776978417266187, 0.8800959232613909, 0.9040767386091128, 0.9112709832134293, 0.9136690647482014, 0.9280575539568345, 0.9184652278177458, 0.9256594724220624, 0.9448441247002398, 0.9424460431654677, 0.9400479616306955, 0.9280575539568345, 0.9400479616306955, 0.9376498800959233, 0.9520383693045563, 0.9424460431654677]
